image_width: 640
image_height: 480
camera_name: narrow_stereo
camera_matrix:
  rows: 3
  cols: 3
  data: [401.498661, 0.000000, 325.155133, 0.000000, 376.839629, 253.903758, 0.000000, 0.000000, 1.000000]
distortion_model: plumb_bob
distortion_coefficients:
  rows: 1
  cols: 5
  data: [-0.304659, 0.071827, 0.000263, 0.003423, 0.000000]
rectification_matrix:
  rows: 3
  cols: 3
  data: [1.000000, 0.000000, 0.000000, 0.000000, 1.000000, 0.000000, 0.000000, 0.000000, 1.000000]
projection_matrix:
  rows: 3
  cols: 4
  data: [298.904022, 0.000000, 336.151719, 0.000000, 0.000000, 319.428436, 259.324419, 0.000000, 0.000000, 0.000000, 1.000000, 0.000000]
