# Created by Octave 3.8.1, Fri Apr 01 14:21:43 2016 EDT <chutsu@monster>
# name: milestones
# type: int32 matrix
# ndims: 2
 789 2
 400
 500
 239
 126
 816
 423
 660
 267
 725
 44
 144
 366
 306
 517
 64
 739
 309
 447
 510
 826
 430
 586
 800
 115
 162
 106
 387
 431
 750
 620
 310
 758
 786
 845
 137
 144
 871
 323
 537
 512
 178
 664
 309
 193
 244
 206
 421
 409
 341
 341
 653
 649
 372
 174
 433
 421
 813
 621
 650
 314
 866
 688
 793
 164
 561
 554
 575
 747
 529
 582
 646
 538
 319
 756
 415
 113
 811
 688
 671
 52
 513
 282
 862
 888
 830
 153
 829
 628
 333
 142
 649
 446
 505
 530
 648
 870
 865
 562
 780
 385
 727
 67
 323
 132
 289
 86
 791
 533
 500
 417
 527
 455
 150
 752
 604
 434
 725
 791
 647
 650
 360
 155
 643
 865
 325
 714
 673
 163
 366
 427
 290
 781
 786
 658
 569
 766
 537
 400
 485
 786
 482
 426
 714
 90
 697
 866
 126
 284
 475
 423
 440
 700
 237
 372
 801
 787
 517
 733
 492
 762
 679
 437
 82
 406
 622
 699
 261
 765
 411
 323
 806
 171
 268
 858
 525
 119
 85
 520
 619
 172
 779
 363
 100
 172
 133
 54
 264
 145
 857
 208
 728
 417
 708
 324
 290
 674
 88
 583
 777
 595
 324
 903
 560
 673
 279
 631
 453
 724
 275
 309
 51
 416
 765
 573
 441
 323
 595
 34
 132
 572
 855
 203
 701
 261
 74
 175
 43
 672
 248
 600
 316
 129
 866
 157
 645
 295
 256
 81
 546
 698
 593
 331
 552
 243
 382
 625
 320
 739
 294
 209
 616
 142
 692
 26
 492
 267
 712
 402
 332
 540
 481
 862
 469
 853
 161
 47
 788
 657
 346
 431
 607
 128
 180
 561
 183
 218
 216
 105
 480
 156
 59
 167
 548
 696
 626
 648
 125
 404
 369
 834
 399
 328
 847
 347
 505
 375
 861
 313
 317
 233
 392
 71
 219
 444
 417
 483
 358
 656
 277
 245
 126
 319
 242
 183
 703
 83
 805
 578
 790
 108
 516
 616
 512
 250
 538
 77
 172
 328
 484
 814
 52
 306
 190
 325
 245
 324
 787
 713
 325
 626
 745
 113
 352
 321
 624
 656
 182
 563
 802
 633
 195
 661
 133
 98
 47
 831
 367
 345
 864
 600
 361
 313
 251
 530
 468
 260
 173
 695
 432
 404
 325
 472
 808
 129
 843
 761
 632
 658
 326
 748
 148
 365
 43
 521
 729
 509
 699
 367
 866
 656
 795
 707
 841
 637
 299
 355
 746
 290
 228
 314
 173
 248
 591
 262
 717
 436
 731
 750
 204
 906
 132
 71
 574
 401
 149
 206
 71
 637
 127
 706
 817
 176
 778
 479
 183
 508
 288
 206
 492
 757
 310
 695
 335
 311
 570
 257
 785
 690
 409
 224
 564
 243
 224
 536
 330
 390
 845
 89
 431
 789
 230
 555
 781
 776
 887
 498
 373
 717
 550
 364
 770
 746
 121
 402
 410
 80
 311
 208
 346
 609
 825
 256
 619
 364
 320
 423
 826
 365
 70
 376
 813
 424
 183
 165
 631
 799
 859
 267
 407
 269
 355
 515
 703
 607
 108
 694
 615
 652
 707
 397
 649
 248
 628
 120
 849
 513
 375
 364
 370
 607
 860
 565
 439
 404
 94
 731
 231
 375
 627
 576
 664
 44
 386
 165
 321
 92
 574
 433
 73
 365
 341
 293
 615
 720
 651
 384
 293
 94
 648
 403
 596
 439
 743
 418
 505
 833
 269
 177
 803
 690
 185
 542
 243
 150
 333
 523
 494
 304
 588
 107
 557
 39
 121
 843
 395
 169
 820
 910
 855
 639
 678
 872
 297
 794
 779
 339
 117
 426
 90
 790
 165
 805
 195
 817
 322
 217
 750
 623
 568
 849
 848
 561
 33
 389
 327
 680
 488
 587
 551
 531
 742
 289
 417
 772
 628
 243
 417
 69
 613
 685
 147
 556
 430
 562
 543
 354
 219
 310
 353
 693
 473
 632
 564
 273
 569
 446
 530
 590
 764
 901
 258
 472
 50
 292
 673
 541
 674
 652
 545
 574
 243
 95
 259
 497
 792
 487
 670
 404
 709
 322
 423
 93
 549
 596
 101
 398
 655
 662
 629
 227
 844
 415
 153
 141
 544
 506
 132
 485
 840
 126
 848
 301
 593
 231
 541
 580
 99
 312
 529
 619
 447
 801
 763
 895
 791
 438
 796
 357
 315
 586
 782
 576
 147
 293
 719
 50
 863
 889
 659
 119
 109
 35
 418
 774
 616
 152
 611
 789
 155
 386
 184
 633
 119
 255
 697
 759
 787
 860
 728
 373
 334
 241
 629
 531
 718
 135
 37
 597
 289
 143
 551
 149
 732
 331
 57
 73
 681
 511
 446
 254
 454
 126
 305
 398
 303
 282
 738
 86
 295
 751
 581
 264
 223
 452
 176
 469
 753
 762
 748
 709
 563
 617
 207
 852
 73
 377
 107
 341
 29
 708
 271
 688
 73
 653
 291
 528
 708
 839
 215
 696
 315
 708
 212
 135
 679
 684
 182
 34
 163
 50
 100
 539
 57
 535
 181
 358
 41
 679
 165
 282
 212
 174
 696
 177
 70
 184
 392
 407
 673
 465
 212
 465
 432
 445
 677
 679
 66
 170
 309
 698
 323
 544
 665
 465
 386
 292
 620
 496
 246
 700
 152
 373
 256
 456
 112
 159
 59
 161
 372
 343
 515
 641
 644
 679
 377
 360
 183
 664
 335
 565
 326
 453
 332
 663
 51
 150
 64
 460
 485
 255
 274
 367
 660
 491
 400
 233
 629
 538
 607
 145
 303
 50
 362
 343
 187
 197
 346
 496
 580
 289
 254
 671
 404
 93
 673
 666
 458
 192
 281
 448
 64
 276
 358
 51
 151
 527
 39
 620
 622
 689
 414
 634
 376
 658
 578
 275
 204
 399
 551
 420
 427
 386
 580
 316
 228
 610
 359
 448
 598
 635
 469
 663
 552
 444
 270
 538
 432
 693
 247
 586
 460
 373
 415
 339
 623
 444
 339
 573
 17
 305
 111
 139
 117
 516
 338
 580
 404
 586
 71
 361
 630
 627
 489
 550
 101
 26
 666
 427
 213
 245
 539
 667
 395
 39
 115
 605
 418
 13
 536
 87
 443
 64
 549
 402
 349
 536
 470
 389
 310
 374
 312
 189
 306
 58
 77
 261
 358
 184
 117
 113
 139
 211
 429
 18
 603
 691
 683
 98
 524
 70
 53
 221
 614
 652
 656
 545
 314
 205
 690
 232
 146
 551
 476
 689
 59
 139
 94
 516
 314
 563
 190
 179
 338
 699
 493
 284
 92
 627
 482
 75
 213
 515
 449
 42
 320
 617
 347
 326
 622
 331
 44
 606
 102
 129
 704
 78
 514
 235
 27
 259
 277
 663
 73
 476
 309
 397
 563
 149
 485
 497
 632
 94
 686
 202
 335
 156
 71
 279
 374
 589
 67
 569
 20
 706
 698
 121
 459
 410
 611
 679
 545
 274
 701
 597
 325
 204
 540
 484
 473
 359
 184
 261
 96
 218
 489
 397
 153
 577
 448
 604
 468
 165
 207
 523
 415
 402
 207
 581
 594
 131
 141
 611
 201
 702
 92
 226
 165
 333
 284
 602
 500
 84
 237
 355
 19
 123
 555
 261
 20
 448
 636
 382
 229
 393
 89
 332
 45
 603
 594
 560
 695
 474
 284
 169
 417
 422
 362
 587
 514
 30
 704
 119
 13
 508
 546
 169
 539
 458
 153
 662
 576
 547
 311
 559
 282
 394
 95
 76
 358
 643
 47
 116
 486
 372
 490
 699
 214
 114
 556
 564
 50
 289
 216
 38
 689
 73
 420
 461
 492
 181
 603
 543
 237
 396
 585
 433
 279
 79
 626
 181
 558
 76
 551
 506
 82
 646
 36
 267
 113
 109
 262
 177
 606
 89
 397
 611
 121
 433
 143
 452
 524
 380
 119
 290
 452
 174
 249
 203
 506
 270
 156
 282
 488
 275
 183
 196
 250
 183
 242
 568
 700
 469
 677
 587
 670
 284
 545
 198
 283
 446
 464
 155
 701
 446
 191
 614
 142
 695
 74
 300
 695
 386
 420
 284
 542
 297
 311
 107
 125
 699
 557
 191
 100
 41
 368
 393
 546
 225
 119
 50
 31
 456
 644
 427
 31
 688
 41
 31
 413
 320
 431
 68
 607
 112
 552
 584
 646
 255
 184
 119
 341
 695
 654
 262
 395
 127
 198
 513
 233
 339
 128
 534
 462
 585
 15
 271
 205
 21
 438
 696
 162
 235
 161
 327
 286
 57
 18
 629
 290
 555
 240
 277
 127
 20
 433
 641
 127
 65
 658
 345
 264
 462
 169
 288
 142
 307
 451
 415
 632
 211
 363
 183
 171
 592
 629
 190
 610
 675
 21
 683
 356
 298
 202
 529
 25
 584
 534
 17
 362
 400
 214
 228
 119
 49
 134
 21
 111
 379
 324
 643
 446
 621
 441
 588
 119
 349
 163
 465
 503
 62
 642
 253
 652
 51
 119
 475
 36
 241
 583
 517
 213
 545
 457
 487
 625
 363
 465
 417
 63
 567
 617
 197
 698
 318
 30
 488
 649
 408
 148
 242
 523
 94
 576
 278
 191
 490
 474
 599
 452
 521
 265
 387
 519
 543
 339
 653
 567
 665
 297
 425
 289
 391
 605
 616
 96
 223
 461
 201
 284
 628
 206
 72
 34
 499
 110
 362
 25
 561
 418
 299
 240
 420
 656
 498
 63
 430
 249
 416
 200
 622
 445
 385
 318
 676
 522
 459
 413
 257
 559
 555
 123
 120
 353
 259
 100
 200
 159
 52
 244
 85
 632
 591
 341
 620
 370
 539
 466
 284
 328
 204
 43
 62
 398
 538
 212
 376
 147
 217
 631
 202
 346
 80
 334
 290
 415
 92
 486
 407
 29
 249
 29
 380
 510
 98
 689
 354
 120
 574
 633
 603
 410
 545
 354
 595
 542
 237
 621
 12
 235
 687
 607
 373
 388
 522
 489
 498
 514
 450
 693
 226
 577
 410
 249
 568
 290
 278
 32
 106
 286
 307
 361
 390
 543
 63
 241
 701
 282
 489
 462
 294
 473
 141
 75
 433
 448
 305
 137
 73


