# oST version 5.0 parameters


[image]

width
640

height
480

[narrow_stereo]

camera matrix
533.852777 0.000000 310.137249
0.000000 533.993943 267.102390
0.000000 0.000000 1.000000

distortion
-0.390337 0.139580 -0.001416 -0.000077 0.000000

rectification
1.000000 0.000000 0.000000
0.000000 1.000000 0.000000
0.000000 0.000000 1.000000

projection
445.750397 0.000000 305.804349 0.000000
0.000000 485.903107 271.958642 0.000000
0.000000 0.000000 1.000000 0.000000

