image_width: 160
image_height: 120
camera_name: narrow_stereo
camera_matrix:
  rows: 3
  cols: 3
  data: [99.467982, 0.000000, 84.344045, 0.000000, 93.261974, 62.112129, 0.000000, 0.000000, 1.000000]
distortion_model: plumb_bob
distortion_coefficients:
  rows: 1
  cols: 5
  data: [-0.317050, 0.081085, 0.003420, -0.001391, 0.000000]
rectification_matrix:
  rows: 3
  cols: 3
  data: [1.000000, 0.000000, 0.000000, 0.000000, 1.000000, 0.000000, 0.000000, 0.000000, 1.000000]
projection_matrix:
  rows: 3
  cols: 4
  data: [73.173187, 0.000000, 85.855490, 0.000000, 0.000000, 77.641907, 63.310854, 0.000000, 0.000000, 0.000000, 1.000000, 0.000000]
