image_width: 160
image_height: 120
camera_name: narrow_stereo
camera_matrix:
  rows: 3
  cols: 3
  data: [99.871482, 0.000000, 79.738820, 0.000000, 92.903365, 61.875563, 0.000000, 0.000000, 1.000000]
distortion_model: plumb_bob
distortion_coefficients:
  rows: 1
  cols: 5
  data: [-0.312119, 0.092651, -0.003790, 0.000052, 0.000000]
rectification_matrix:
  rows: 3
  cols: 3
  data: [1.000000, 0.000000, 0.000000, 0.000000, 1.000000, 0.000000, 0.000000, 0.000000, 1.000000]
projection_matrix:
  rows: 3
  cols: 4
  data: [76.607155, 0.000000, 79.144834, 0.000000, 0.000000, 78.454948, 61.242897, 0.000000, 0.000000, 0.000000, 1.000000, 0.000000]
