index: 0
image_width: 320 
image_height: 240

exposure_value: 1000 # in micro seconds
gain_value: 12.0 # limit is 16
lambda: [0.0, 0.0, 0.0]
alpha: 4.0

camera_matrix:
  rows: 3
  cols: 3
  data: [389.598659, 0.000000, 324.264902, 0.000000, 363.082577, 238.563275, 0.000000, 0.000000, 1.000000]
distortion_model: plumb_bob
distortion_coefficients:
  rows: 1
  cols: 5
  data: [-0.290367, 0.073869, 0.000556, -0.000337, 0.000000]
rectification_matrix:
  rows: 3
  cols: 3
  data: [1.000000, 0.000000, 0.000000, 0.000000, 1.000000, 0.000000, 0.000000, 0.000000, 1.000000]
projection_matrix:
  rows: 3
  cols: 4
  data: [297.129150, 0.000000, 325.472112, 0.000000, 0.000000, 308.765686, 238.003730, 0.000000, 0.000000, 0.000000, 1.000000, 0.000000]

imshow: false
snapshot: false
showfps: true
