image_width: 320
image_height: 240
camera_name: narrow_stereo
camera_matrix:
  rows: 3
  cols: 3
  data: [194.890114, 0.000000, 163.487879, 0.000000, 181.606706, 119.647611, 0.000000, 0.000000, 1.000000]
distortion_model: plumb_bob
distortion_coefficients:
  rows: 1
  cols: 5
  data: [-0.302602, 0.086582, 0.000732, -0.000818, 0.000000]
rectification_matrix:
  rows: 3
  cols: 3
  data: [1.000000, 0.000000, 0.000000, 0.000000, 1.000000, 0.000000, 0.000000, 0.000000, 1.000000]
projection_matrix:
  rows: 3
  cols: 4
  data: [149.186783, 0.000000, 163.781503, 0.000000, 0.000000, 153.436478, 119.344835, 0.000000, 0.000000, 0.000000, 1.000000, 0.000000]
