index: 0
image_width: 160
image_height: 120

shutter_speed: 0.01 # in mili seconds
exposure_value: 2.5 # in mili seconds
gain_value: 20.0
lambda: [0.0, 0.0, 0.0]
alpha: 4.0

camera_matrix:
  rows: 3
  cols: 3
  data: [144.744400, 0.000000, 68.882592, 0.000000, 135.612907, 68.876459, 0.000000, 0.000000, 1.000000]
distortion_model: plumb_bob
distortion_coefficients:
  rows: 1
  cols: 5
  data: [-0.133397, 0.008012, -0.010320, 0.006358, 0.000000]
rectification_matrix:
  rows: 3
  cols: 3
  data: [1.000000, 0.000000, 0.000000, 0.000000, 1.000000, 0.000000, 0.000000, 0.000000, 1.000000]
projection_matrix:
  rows: 3
  cols: 4
  data: [137.788055, 0.000000, 68.382222, 0.000000, 0.000000, 131.187393, 67.905973, 0.000000, 0.000000, 0.000000, 1.000000, 0.000000]

imshow: false
snapshot: false
showfps: true
