index: 0
image_width: 320
image_height: 240

exposure_value: 2.5 # in mili seconds
shutter_speed: 0.01 # in mili seconds
gain_value: 20.0
lambda: [0.0, 0.0, 0.0]
alpha: 4.0

camera_matrix:
  rows: 3
  cols: 3
  data: [396.745738, 0.000000, 159.589241, 0.000000, 378.705375, 115.667141, 0.000000, 0.000000, 1.000000]
distortion_model: plumb_bob
distortion_coefficients:
  rows: 1
  cols: 5
  data: [-0.188544, -0.130837, -0.000465, -0.002486, 0.000000]
rectification_matrix:
  rows: 3
  cols: 3
  data: [1.000000, 0.000000, 0.000000, 0.000000, 1.000000, 0.000000, 0.000000, 0.000000, 1.000000]
projection_matrix:
  rows: 3
  cols: 4
  data: [380.794617, 0.000000, 158.486179, 0.000000, 0.000000, 369.074249, 114.918336, 0.000000, 0.000000, 0.000000, 1.000000, 0.000000]
  
imshow: false
snapshot: false
showfps: true
