index: 0
image_width: 640
image_height: 480

# outdoors, cloudy
# exposure_value: 1.0 # in mili seconds
# shutter_speed: 0.3 # in mili seconds
# gain_value: 1.0

# wavelab
exposure_value: 1.0 # in mili seconds
shutter_speed: 5 # in mili seconds
gain_value: 20.0

# night-time
# exposure_value: 1.0 # in mili seconds
# shutter_speed: 4 # in mili seconds
# gain_value: 40


lambda: [0.0, 0.0, 0.0]
alpha: 4.0

camera_matrix:
  rows: 3
  cols: 3
  data: [737.339082, 0.000000, 310.963053, 0.000000, 687.450497, 225.619736, 0.000000, 0.000000, 1.000000]
distortion_model: plumb_bob
distortion_coefficients:
  rows: 1
  cols: 5
  data: [-0.225947, 0.165109, -0.001236, -0.003524, 0.000000]
rectification_matrix:
  rows: 3
  cols: 3
  data: [1.000000, 0.000000, 0.000000, 0.000000, 1.000000, 0.000000, 0.000000, 0.000000, 1.000000]
projection_matrix:
  rows: 3
  cols: 4
  data: [706.865112, 0.000000, 308.122441, 0.000000, 0.000000, 667.571777, 224.078761, 0.000000, 0.000000, 0.000000, 1.000000, 0.000000]

imshow: false
# imshow: true
snapshot: false
showfps: true
