index: 0
image_width: 640
image_height: 480

# outdoors, cloudy
# exposure_value: 1.0 # in mili seconds
# shutter_speed: 0.3 # in mili seconds
# gain_value: 1.0

# wavelab
exposure_value: 2.0 # in mili seconds
shutter_speed: 5 # in mili seconds
gain_value: 30.0

# night-time
# exposure_value: 1.0 # in mili seconds
# shutter_speed: 4 # in mili seconds
# gain_value: 40


lambda: [0.0, 0.0, 0.0]
alpha: 4.0

camera_matrix:
  rows: 3
  cols: 3
  data: [728.885076, 0.000000, 317.27, 0.000000, 727.362657, 236.005279, 0.000000, 0.000000, 1.000000]
distortion_model: plumb_bob
distortion_coefficients:
  rows: 1
  cols: 5
  data: [-0.234490, 0.197606, -0.000564, 0.00058, 0.000000]
rectification_matrix:
  rows: 3
  cols: 3
  data: [1.000000, 0.000000, 0.000000, 0.000000, 1.000000, 0.000000, 0.000000, 0.000000, 1.000000]
projection_matrix:
  rows: 3
  cols: 4
  data: [698.124084, 0.000000, 308.127206, 0.000000, 0.000000, 708.093750, 230.900587, 0.000000, 0.000000, 0.000000, 1.000000, 0.000000]

imshow: false
# imshow: true
snapshot: false
showfps: true
