# oST version 5.0 parameters


[image]

width
640

height
480

[narrow_stereo]

camera matrix
401.498661 0.000000 325.155133
0.000000 376.839629 253.903758
0.000000 0.000000 1.000000

distortion
-0.304659 0.071827 0.000263 0.003423 0.000000

rectification
1.000000 0.000000 0.000000
0.000000 1.000000 0.000000
0.000000 0.000000 1.000000

projection
298.904022 0.000000 336.151719 0.000000
0.000000 319.428436 259.324419 0.000000
0.000000 0.000000 1.000000 0.000000

