image_width: 160
image_height: 120
camera_name: narrow_stereo
camera_matrix:
  rows: 3
  cols: 3
  data: [155.046001, 0.000000, 82.851109, 0.000000, 156.005544, 54.985376, 0.000000, 0.000000, 1.000000]
distortion_model: plumb_bob
distortion_coefficients:
  rows: 1
  cols: 5
  data: [-0.305604, 0.122112, 0.010581, -0.001618, 0.000000]
rectification_matrix:
  rows: 3
  cols: 3
  data: [1.000000, 0.000000, 0.000000, 0.000000, 1.000000, 0.000000, 0.000000, 0.000000, 1.000000]
projection_matrix:
  rows: 3
  cols: 4
  data: [141.085495, 0.000000, 82.581919, 0.000000, 0.000000, 147.725525, 54.907665, 0.000000, 0.000000, 0.000000, 1.000000, 0.000000]
