image_width: 640
image_height: 480
camera_name: narrow_stereo
camera_matrix:
  rows: 3
  cols: 3
  data: [651.710565, 0.000000, 347.134476, 0.000000, 648.009180, 255.446209, 0.000000, 0.000000, 1.000000]
distortion_model: plumb_bob
distortion_coefficients:
  rows: 1
  cols: 5
  data: [-0.340120, 0.144602, -0.000047, -0.002226, 0.000000]
rectification_matrix:
  rows: 3
  cols: 3
  data: [1.000000, 0.000000, 0.000000, 0.000000, 1.000000, 0.000000, 0.000000, 0.000000, 1.000000]
projection_matrix:
  rows: 3
  cols: 4
  data: [593.802856, 0.000000, 350.288279, 0.000000, 0.000000, 614.811157, 256.496319, 0.000000, 0.000000, 0.000000, 1.000000, 0.000000]
