index: 0
image_width: 640
image_height: 480

shutter_speed: 10 # in mili seconds
exposure_value: 2.0
gain_value: 15.0
lambda: [0.0, 0.0, 0.0]
alpha: 4.0

camera_matrix:
  rows: 3
  cols: 3
  data: [467.572855, 0.000000, 335.628655,
         0.000000, 468.975718, 246.289478,
         0.000000, 0.000000, 1.000000]
  # data: [441.56684, 0.000000, 334.610234,
  #       0.000000, 436.79296, 238.8810,
  #       0.000000, 0.000000, 1.000000]
distortion_coefficients:
  rows: 1
  cols: 5
  data: [-0.352419, 0.120734, 0.005020, -0.000181, 0.000000]
  #data: [-0.322520, 0.102037, 0.000097, 0.003677, 0.00000]
rectification_matrix:
  rows: 3
  cols: 3
  data: [1.000000, 0.000000, 0.000000,
         0.000000, 1.000000, 0.000000,
         0.000000, 0.000000, 1.000000]
projection_matrix:
  rows: 3
  cols: 4
  data: [395.974701, 0.000000, 351.849285, 0.000000,
         0.000000, 428.965149, 268.157269, 0.000000,
         0.000000, 0.000000, 1.000000, 0.000000]

imshow: true
snapshot: false
showfps: true
