index: 0
image_width: 640
image_height: 480

exposure_value: 0
gain_value: 0.0

camera_matrix:
  rows: 3
  cols: 3
  data: [871.076232, 0.000000, 290.941412, 0.000000, 818.160674, 296.063453, 0.000000, 0.000000, 1.000000]
distortion_coefficients:
  rows: 1
  cols: 5
  data: [0.049035, -0.319164, 0.006843, -0.003722, 0.000000]
rectification_matrix:
  rows: 3
  cols: 3
  data: [1.000000, 0.000000, 0.000000, 0.000000, 1.000000, 0.000000, 0.000000, 0.000000, 1.000000]
projection_matrix:
  rows: 3
  cols: 4
  data: [870.437805, 0.000000, 288.706059, 0.000000, 0.000000, 816.376526, 297.303185, 0.000000, 0.000000, 0.000000, 1.000000, 0.000000]

imshow: false
snapshot: false
