gyroscope:
  offset_x: -0.006853604
  offset_y: -0.01418611
  offset_z: -0.00925875
