index: 0
image_width: 320
image_height: 320

shutter_speed: 0
exposure_value: 0.0
gain_value: 0.0
lambda: [0.0, 0.0, 0.0]
alpha: 0.0

camera_matrix:
  rows: 3
  cols: 3
  data: [227.19, 0.0, 160,
         0.0, 227.19, 160,
         0.0, 0.0, 1.0]
distortion_coefficients:
  rows: 1
  cols: 5
  data: [0.0, 0.0, 0.0, 0.0, 0.0]
rectification_matrix:
  rows: 3
  cols: 3
  data: [1.0, 0.0, 0.0,
         0.0, 1.0, 0.0,
         0.0, 0.0, 1.0]
projection_matrix:
  rows: 3
  cols: 4
  data: [227.19, 0.0, 160, 0.0,
         0.0, 227.19, 160, 0.0,
         0.0, 0.0, 1.0, 0.0]

imshow: false
snapshot: false
showfps: true
